2025-06-22-20-04-27;Kruskal;LIST;25;75;25;50;0;0;0;0;
2025-06-22-20-04-28;Kruskal;LIST;25;150;50;50;0;1;0.18;0;
2025-06-22-20-04-29;Kruskal;LIST;25;297;99;50;0;3;0.94;1;
2025-06-22-03-58-58;Kruskal;LIST;50;1212;98.9388;50;29;92;48.2;43;
2025-06-22-03-59-01;Kruskal;LIST;50;612;49.9592;50;7;29;13.12;13;
2025-06-22-03-59-03;Kruskal;LIST;50;306;24.9796;50;2;9;3.94;4.5;
2025-06-22-17-19-37;Kruskal;LIST;75;693;24.973;50;4;15;5.66;5;
2025-06-22-17-19-40;Kruskal;LIST;75;1387;49.982;50;19;50;26.96;24.5;
2025-06-22-17-19-43;Kruskal;LIST;75;2747;98.991;50;88;117;97.76;97;
2025-06-22-03-26-40;Kruskal;LIST;100;2475;50;50;121;241;148.76;136;
2025-06-22-03-26-40;Kruskal;LIST;100;4900;98.9899;50;471;725;505.74;488;
2025-06-22-03-58-58;Kruskal;LIST;100;1237;24.9899;50;28;96;49.58;45.5;
2025-06-22-17-19-37;Kruskal;LIST;125;1937;24.9935;50;39;95;60.58;59;
2025-06-22-17-19-37;Kruskal;LIST;125;3875;50;50;177;211;193.2;191.5;
2025-06-22-17-19-37;Kruskal;LIST;125;7672;98.9935;50;464;794;603.32;555;
2025-06-22-03-27-06;Kruskal;LIST;150;5587;49.9955;50;614;828;651.08;635;
2025-06-22-03-28-20;Kruskal;LIST;150;2793;24.9933;50;154;286;176.84;168.5;
2025-06-22-03-30-55;Kruskal;LIST;150;11063;98.9978;50;2372;3385;2607.12;2490;
2025-06-22-20-04-19;Kruskal;LIST;175;3806;24.9984;50;133;189;145.84;144.5;
2025-06-22-20-04-19;Kruskal;LIST;175;7612;49.9967;50;511;1006;724.56;730;
2025-06-22-20-04-19;Kruskal;LIST;175;15072;98.9951;50;1947;2887;2491.88;2557.5;
2025-06-22-04-02-04;Kruskal;LIST;250;7781;24.9992;50;1180;2254;1368.86;1260.5;
2025-06-22-04-02-04;Kruskal;LIST;250;30813;98.9976;50;18351;24990;19104.2;18715;
2025-06-22-04-18-02;Kruskal;LIST;250;15562;49.9984;50;4707;5363;4785.6;4770.5;
2025-06-22-10-37-14;Kruskal;LIST;500;62375;50;15;78854;89200;82008.8;81426;
2025-06-22-10-37-14;Kruskal;LIST;500;123502;98.9996;50;301947;336203;312131;313080;
2025-06-22-12-00-34;Kruskal;LIST;500;31187;24.9996;50;19549;20853;20028.2;20023;
2025-06-22-20-04-27;Kruskal;MATRIX;25;75;25;50;0;0;0;0;
2025-06-22-20-04-28;Kruskal;MATRIX;25;150;50;50;0;1;0.02;0;
2025-06-22-20-04-29;Kruskal;MATRIX;25;297;99;50;0;5;1.02;1;
2025-06-22-03-59-02;Kruskal;MATRIX;50;306;24.9796;50;2;12;3.14;2;
2025-06-22-03-59-01;Kruskal;MATRIX;50;612;49.9592;50;7;38;10.36;8;
2025-06-22-03-58-58;Kruskal;MATRIX;50;1212;98.9388;50;20;78;39.74;32.5;
2025-06-22-17-19-37;Kruskal;MATRIX;75;693;24.973;50;5;16;6.94;6;
2025-06-22-17-19-38;Kruskal;MATRIX;75;1387;49.982;50;21;35;25.04;24.5;
2025-06-22-17-19-42;Kruskal;MATRIX;75;2747;98.991;50;57;175;75.52;71.5;
2025-06-22-03-26-40;Kruskal;MATRIX;100;2475;50;50;124;154;131.36;129.5;
2025-06-22-03-26-40;Kruskal;MATRIX;100;4900;98.9899;50;476;771;513.62;493;
2025-06-22-03-58-58;Kruskal;MATRIX;100;1237;24.9899;50;17;70;27.7;27;
2025-06-22-17-19-37;Kruskal;MATRIX;125;1937;24.9935;50;30;66;42.36;40;
2025-06-22-17-19-37;Kruskal;MATRIX;125;3875;50;50;106;201;139.96;140.5;
2025-06-22-17-19-37;Kruskal;MATRIX;125;7672;98.9935;50;388;689;474.24;457;
2025-06-22-03-27-39;Kruskal;MATRIX;150;2793;24.9933;50;163;434;183.12;165;
2025-06-22-03-26-48;Kruskal;MATRIX;150;5587;49.9955;50;381;938;538.32;619;
2025-06-22-03-28-29;Kruskal;MATRIX;150;11063;98.9978;50;1316;3202;1458.4;1325;
2025-06-22-20-04-19;Kruskal;MATRIX;175;3806;24.9984;50;147;345;242.16;236.5;
2025-06-22-20-04-19;Kruskal;MATRIX;175;7612;49.9967;50;406;944;635.14;623;
2025-06-22-20-04-19;Kruskal;MATRIX;175;15072;98.9951;50;1080;2344;1399.62;1160;
2025-06-22-04-02-04;Kruskal;MATRIX;250;7781;24.9992;50;750;1365;1184.72;1237;
2025-06-22-04-03-13;Kruskal;MATRIX;250;15562;49.9984;50;2908;5061;3275.78;2932.5;
2025-06-22-04-02-04;Kruskal;MATRIX;250;30813;98.9976;50;10203;19446;10879.3;10250.5;
2025-06-22-10-57-46;Kruskal;MATRIX;500;31187;24.9996;50;12767;21267;17207.5;17311;
2025-06-22-20-04-27;Prim;LIST;25;75;25;50;0;0;0;0;
2025-06-22-20-04-28;Prim;LIST;25;150;50;50;0;0;0;0;
2025-06-22-20-04-28;Prim;LIST;25;297;99;50;0;0;0;0;
2025-06-22-02-15-16;Prim;LIST;50;306;24.9796;50;1;59;3.84;1;
2025-06-22-02-15-16;Prim;LIST;50;612;49.9592;50;1;5;1.82;2;
2025-06-22-02-15-16;Prim;LIST;50;1212;98.9388;50;2;120;6.96;3;
2025-06-22-17-19-37;Prim;LIST;75;693;24.973;50;5;22;8.74;7.5;
2025-06-22-17-19-37;Prim;LIST;75;1387;49.982;50;10;30;15.28;14;
2025-06-22-17-19-42;Prim;LIST;75;2747;98.991;50;21;36;26;25;
2025-06-22-02-15-16;Prim;LIST;100;1237;24.9899;50;13;144;21.54;16.5;
2025-06-22-02-15-16;Prim;LIST;100;2475;50;50;21;210;54.12;30;
2025-06-22-02-15-16;Prim;LIST;100;4900;98.9899;50;41;416;135.02;136;
2025-06-22-17-19-37;Prim;LIST;125;1937;24.9935;50;47;121;76.76;75;
2025-06-22-17-19-37;Prim;LIST;125;3875;50;50;91;196;133.86;128.5;
2025-06-22-17-19-37;Prim;LIST;125;7672;98.9935;50;167;312;226.18;215;
2025-06-22-02-15-16;Prim;LIST;150;5587;49.9955;50;173;715;376.68;361.5;
2025-06-22-02-15-16;Prim;LIST;150;2793;24.9933;50;90;424;202.46;192;
2025-06-22-02-15-16;Prim;LIST;150;11063;98.9978;50;334;1490;910.82;862.5;
2025-06-22-20-04-19;Prim;LIST;175;3806;24.9984;50;147;296;176.1;162.5;
2025-06-22-20-04-19;Prim;LIST;175;7612;49.9967;50;219;467;291.32;281;
2025-06-22-20-04-19;Prim;LIST;175;15072;98.9951;50;402;825;493.26;442;
2025-06-22-02-15-16;Prim;LIST;250;15562;49.9984;50;1190;4821;3015.96;2901;
2025-06-22-02-15-16;Prim;LIST;250;30813;98.9976;50;3271;8135;5339.82;5061;
2025-06-22-02-15-16;Prim;LIST;250;7781;24.9992;50;1262;2965;1899.08;1829.5;
2025-06-22-02-15-16;Prim;LIST;500;31187;24.9996;50;14275;35652;24823.9;23946;
2025-06-22-02-15-16;Prim;LIST;500;62375;50;50;29539;66923;45011;44554.5;
2025-06-22-02-15-16;Prim;LIST;500;123502;98.9996;50;48409;96569;67177.2;68704.5;
2025-06-22-02-15-16;Prim;LIST;750;70218;24.9997;50;62569;133356;89016.6;87323;
2025-06-22-03-57-26;Prim;LIST;750;70218;24.9997;50;29700;51273;36260;35434;
2025-06-22-03-57-26;Prim;LIST;750;140437;49.9998;50;61470;96747;75605.2;77627.5;
2025-06-22-03-57-26;Prim;LIST;750;278066;98.9999;50;109340;183079;140176;137594;
2025-06-22-03-57-26;Prim;LIST;1000;124875;25;50;89640;147756;116303;116472;
2025-06-22-03-57-26;Prim;LIST;1000;494505;99;25;372543;535401;434311;414005;
2025-06-22-03-57-26;Prim;LIST;1000;249750;50;50;180224;288483;221253;212686;
2025-06-22-20-04-27;Prim;MATRIX;25;75;25;50;0;1;0.02;0;
2025-06-22-20-04-27;Prim;MATRIX;25;150;50;50;0;1;0.26;0;
2025-06-22-20-04-28;Prim;MATRIX;25;297;99;50;1;8;1.52;1;
2025-06-22-02-15-16;Prim;MATRIX;50;306;24.9796;50;4;77;7.14;5;
2025-06-22-02-15-16;Prim;MATRIX;50;612;49.9592;50;9;120;31.06;15.5;
2025-06-22-02-15-16;Prim;MATRIX;50;1212;98.9388;50;18;239;83.66;84.5;
2025-06-22-17-19-37;Prim;MATRIX;75;693;24.973;50;40;192;62.08;56;
2025-06-22-17-19-37;Prim;MATRIX;75;1387;49.982;50;63;147;101.36;103;
2025-06-22-17-19-41;Prim;MATRIX;75;2747;98.991;50;98;308;145.78;127;
2025-06-22-02-15-16;Prim;MATRIX;100;1237;24.9899;50;171;623;353.94;360;
2025-06-22-02-15-16;Prim;MATRIX;100;2475;50;50;341;1175;709.64;680.5;
2025-06-22-02-15-16;Prim;MATRIX;100;4900;98.9899;50;872;2483;1431.64;1316.5;
2025-06-22-17-19-37;Prim;MATRIX;125;1937;24.9935;50;188;614;293.46;251;
2025-06-22-17-19-37;Prim;MATRIX;125;3875;50;50;361;928;513.14;513;
2025-06-22-17-19-37;Prim;MATRIX;125;7672;98.9935;50;725;1754;862.04;802.5;
2025-06-22-02-15-16;Prim;MATRIX;150;2793;24.9933;50;1300;3390;2144.12;2146;
2025-06-22-13-01-14;Prim;MATRIX;150;2793;24.9933;50;422;904;559.1;500.5;
2025-06-22-13-01-14;Prim;MATRIX;150;5587;49.9955;50;870;2223;1191.16;1177.5;
2025-06-22-13-01-14;Prim;MATRIX;150;11063;98.9978;50;1756;3048;2166.22;2155.5;
2025-06-22-20-04-19;Prim;MATRIX;175;3806;24.9984;50;823;1703;914.86;889;
2025-06-22-20-04-19;Prim;MATRIX;175;7612;49.9967;50;1043;2202;1505.08;1460.5;
2025-06-22-20-04-19;Prim;MATRIX;175;15072;98.9951;50;1971;4367;2605.48;2344;
2025-06-22-13-01-14;Prim;MATRIX;250;7781;24.9992;50;3492;6585;4272.08;4201.5;
2025-06-22-13-01-14;Prim;MATRIX;250;15562;49.9984;50;6506;10236;7226;6757.5;