2025-06-22-19-29-21;Dijkstra;LIST;25;75;25;50;0;0;0;0;
2025-06-22-19-29-22;Dijkstra;LIST;25;150;50;50;0;0;0;0;
2025-06-22-19-29-22;Dijkstra;LIST;25;297;99;50;0;0;0;0;
2025-06-21-19-44-54;Dijkstra;LIST;50;306;24.9796;1;1;1;1;1;
2025-06-21-19-44-54;Dijkstra;LIST;50;612;49.9592;2;1;39;20;20;
2025-06-21-19-44-54;Dijkstra;LIST;50;1212;98.9388;1;1;1;1;1;
2025-06-22-16-57-28;Dijkstra;LIST;75;693;24.973;50;0;0;0;0;
2025-06-22-16-57-28;Dijkstra;LIST;75;1387;49.982;50;0;0;0;0;
2025-06-22-16-57-29;Dijkstra;LIST;75;2747;98.991;50;0;2;0.04;0;
2025-06-21-19-44-54;Dijkstra;LIST;100;4900;98.9899;7;1;58;11.5714;1;
2025-06-21-19-44-54;Dijkstra;LIST;100;2475;50;7;1;19;3.57143;1;
2025-06-21-19-44-54;Dijkstra;LIST;100;1237;24.9899;2;1;67;34;34;
2025-06-22-16-57-28;Dijkstra;LIST;125;1937;24.9935;50;0;2;0.1;0;
2025-06-22-16-57-28;Dijkstra;LIST;125;3875;50;50;0;5;0.24;0;
2025-06-22-16-57-28;Dijkstra;LIST;125;7672;98.9935;50;0;6;0.88;1;
2025-06-21-19-44-54;Dijkstra;LIST;150;5587;49.9955;31;1;5;1.12903;1;
2025-06-21-19-44-54;Dijkstra;LIST;150;2793;24.9933;1;47;47;47;47;
2025-06-21-19-44-54;Dijkstra;LIST;150;11063;98.9978;48;1;42;2.5625;1;
2025-06-22-19-29-21;Dijkstra;LIST;175;3806;24.9984;50;0;3;0.34;0;
2025-06-22-19-29-21;Dijkstra;LIST;175;7612;49.9967;50;0;2;0.96;1;
2025-06-22-19-29-21;Dijkstra;LIST;175;15072;98.9951;50;1;5;1.78;2;
2025-06-21-19-44-54;Dijkstra;LIST;250;15562;49.9984;50;1;124;4.8;2;
2025-06-21-19-44-54;Dijkstra;LIST;250;7781;24.9992;50;1;142;9.94;1;
2025-06-21-19-44-54;Dijkstra;LIST;250;30813;98.9976;50;3;40;5.7;4;
2025-06-21-19-44-54;Dijkstra;LIST;500;31187;24.9996;50;4;130;15.76;7;
2025-06-21-19-44-54;Dijkstra;LIST;500;62375;50;50;8;169;69.48;73.5;
2025-06-21-19-44-54;Dijkstra;LIST;500;123502;98.9996;50;14;279;116.84;117.5;
2025-06-21-19-44-54;Dijkstra;LIST;750;70218;24.9997;50;20;212;124.26;123.5;
2025-06-21-19-44-54;Dijkstra;LIST;750;140437;49.9998;50;90;562;216.22;181;
2025-06-21-19-44-54;Dijkstra;LIST;750;278066;98.9999;50;103;1123;549.7;555.5;
2025-06-21-19-44-54;Dijkstra;LIST;1000;124875;25;50;111;915;261.88;223;
2025-06-21-19-44-54;Dijkstra;LIST;1000;494505;99;25;255;1476;850.36;820;
2025-06-21-19-44-54;Dijkstra;LIST;1000;249750;50;50;202;1215;621.84;533;
2025-06-22-19-29-21;Dijkstra;MATRIX;25;75;25;50;0;0;0;0;
2025-06-22-19-29-22;Dijkstra;MATRIX;25;150;50;50;0;0;0;0;
2025-06-22-19-29-22;Dijkstra;MATRIX;25;297;99;50;0;1;0.04;0;
2025-06-21-19-44-54;Dijkstra;MATRIX;50;306;24.9796;50;2;161;7.8;2;
2025-06-21-19-44-54;Dijkstra;MATRIX;50;612;49.9592;50;3;162;32.78;5;
2025-06-21-19-44-54;Dijkstra;MATRIX;50;1212;98.9388;50;8;165;65.28;64;
2025-06-22-16-57-28;Dijkstra;MATRIX;75;693;24.973;50;10;24;15.08;14.5;
2025-06-22-16-57-28;Dijkstra;MATRIX;75;1387;49.982;50;16;41;27.1;28;
2025-06-22-16-57-29;Dijkstra;MATRIX;75;2747;98.991;50;32;101;53.62;51.5;
2025-06-21-19-44-54;Dijkstra;MATRIX;100;1237;24.9899;50;43;257;159.84;145.5;
2025-06-21-19-44-54;Dijkstra;MATRIX;100;2475;50;50;165;685;334.5;283;
2025-06-21-19-44-54;Dijkstra;MATRIX;100;4900;98.9899;50;83;671;200.22;167.5;
2025-06-22-16-57-28;Dijkstra;MATRIX;125;1937;24.9935;50;63;244;110.2;104.5;
2025-06-22-16-57-28;Dijkstra;MATRIX;125;3875;50;50;123;368;198.38;192;
2025-06-22-16-57-28;Dijkstra;MATRIX;125;7672;98.9935;50;242;536;314.92;305;
2025-06-21-19-44-54;Dijkstra;MATRIX;150;2793;24.9933;50;308;1368;617.12;577;
2025-06-21-22-54-17;Dijkstra;MATRIX;150;2793;24.9933;50;154;2709;532.5;316.5;
2025-06-21-23-33-10;Dijkstra;MATRIX;150;5587;49.9955;50;174;355;211.56;184;
2025-06-21-23-38-04;Dijkstra;MATRIX;150;11063;98.9978;50;350;812;445.12;373;
2025-06-22-19-29-21;Dijkstra;MATRIX;175;3806;24.9984;50;204;343;231.74;227;
2025-06-22-19-29-21;Dijkstra;MATRIX;175;7612;49.9967;50;353;638;423.08;404;
2025-06-22-19-29-21;Dijkstra;MATRIX;175;15072;98.9951;50;720;1487;930.48;859;
2025-06-21-23-50-36;Dijkstra;MATRIX;250;7781;24.9992;50;688;1514;939.16;811;
2025-06-22-00-05-45;Dijkstra;MATRIX;250;15562;49.9984;50;1536;3094;2064.96;2081.5;
2025-06-22-01-02-13;Dijkstra;MATRIX;250;30813;98.9976;50;2937;5995;3921.88;3802;
2025-06-22-19-29-21;FordBellman;LIST;25;75;25;50;0;0;0;0;
2025-06-22-19-29-22;FordBellman;LIST;25;150;50;50;0;0;0;0;
2025-06-22-19-29-22;FordBellman;LIST;25;297;99;50;0;0;0;0;
2025-06-21-19-44-54;FordBellman;LIST;50;1212;98.9388;50;1;21;1.42;1;
2025-06-21-19-44-54;FordBellman;LIST;50;612;49.9592;3;1;85;36;22;
2025-06-21-22-51-11;FordBellman;LIST;50;306;24.9796;50;0;0;0;0;
2025-06-22-16-57-28;FordBellman;LIST;75;693;24.973;50;0;2;1.04;1;
2025-06-22-16-57-29;FordBellman;LIST;75;1387;49.982;50;1;13;2.64;2;
2025-06-22-16-57-29;FordBellman;LIST;75;2747;98.991;50;3;9;5.16;5;
2025-06-21-19-44-54;FordBellman;LIST;100;1237;24.9899;50;2;3;2.3;2;
2025-06-21-19-44-54;FordBellman;LIST;100;2475;50;50;4;159;17.88;5;
2025-06-21-19-44-54;FordBellman;LIST;100;4900;98.9899;50;8;170;42.76;11;
2025-06-22-16-57-28;FordBellman;LIST;125;1937;24.9935;50;4;15;6.46;6;
2025-06-22-16-57-28;FordBellman;LIST;125;3875;50;50;10;48;13.7;12;
2025-06-22-16-57-28;FordBellman;LIST;125;7672;98.9935;50;19;55;28.12;26;
2025-06-21-19-44-54;FordBellman;LIST;150;2793;24.9933;50;7;192;25.6;9;
2025-06-21-19-44-54;FordBellman;LIST;150;5587;49.9955;50;15;187;42.96;18;
2025-06-21-19-44-54;FordBellman;LIST;150;11063;98.9978;50;38;331;144.96;139;
2025-06-22-19-29-21;FordBellman;LIST;175;3806;24.9984;50;12;28;16.82;15;
2025-06-22-19-29-21;FordBellman;LIST;175;7612;49.9967;50;17;57;30;28;
2025-06-22-19-29-21;FordBellman;LIST;175;15072;98.9951;50;29;97;47.68;41;
2025-06-21-19-44-54;FordBellman;LIST;250;7781;24.9992;50;55;243;156.16;162.5;
2025-06-21-19-44-54;FordBellman;LIST;250;15562;49.9984;50;191;578;384.16;396;
2025-06-21-19-44-54;FordBellman;LIST;250;30813;98.9976;50;331;952;725.68;729;
2025-06-21-19-44-54;FordBellman;LIST;500;31187;24.9996;50;687;2024;1363.74;1420.5;
2025-06-21-19-44-54;FordBellman;LIST;500;62375;50;50;1218;3401;2129.86;1922;
2025-06-21-19-44-54;FordBellman;LIST;500;123502;98.9996;50;1946;6338;3445.36;2858.5;
2025-06-21-19-44-54;FordBellman;LIST;750;70218;24.9997;50;2007;6518;3364.24;2707.5;
2025-06-21-19-44-54;FordBellman;LIST;750;140437;49.9998;50;2720;10500;4834.6;4201.5;
2025-06-21-19-44-54;FordBellman;LIST;750;278066;98.9999;50;4397;21555;7418.12;5764;
2025-06-21-19-44-54;FordBellman;LIST;1000;124875;25;50;2987;13727;5661.6;4669.5;
2025-06-21-19-44-54;FordBellman;LIST;1000;494505;99;25;10697;44765;16647.6;13084;
2025-06-21-19-44-54;FordBellman;LIST;1000;249750;50;50;5106;26115;8507.34;6681.5;
2025-06-22-19-29-21;FordBellman;MATRIX;25;75;25;50;0;0;0;0;
2025-06-22-19-29-22;FordBellman;MATRIX;25;150;50;50;0;1;0.26;0;
2025-06-22-19-29-22;FordBellman;MATRIX;25;297;99;50;1;2;1.16;1;
2025-06-21-19-44-54;FordBellman;MATRIX;50;306;24.9796;50;5;115;8.46;6;
2025-06-21-19-44-54;FordBellman;MATRIX;50;612;49.9592;50;11;226;77.24;79.5;
2025-06-21-19-44-54;FordBellman;MATRIX;50;1212;98.9388;50;25;315;131.48;132;
2025-06-22-16-57-28;FordBellman;MATRIX;75;693;24.973;50;33;65;42.68;41;
2025-06-22-16-57-29;FordBellman;MATRIX;75;1387;49.982;50;55;197;87.96;86;
2025-06-22-16-57-29;FordBellman;MATRIX;75;2747;98.991;50;93;260;148.74;144;
2025-06-21-19-44-54;FordBellman;MATRIX;100;1237;24.9899;50;228;666;450.4;435;
2025-06-21-19-44-54;FordBellman;MATRIX;100;2475;50;50;437;1350;765.52;643.5;
2025-06-21-19-44-54;FordBellman;MATRIX;100;4900;98.9899;50;249;2771;579.76;460;
2025-06-22-16-57-28;FordBellman;MATRIX;125;1937;24.9935;50;178;673;291.2;274;
2025-06-22-16-57-28;FordBellman;MATRIX;125;3875;50;50;359;819;537.74;536;
2025-06-22-16-57-28;FordBellman;MATRIX;125;7672;98.9935;50;676;1205;833.26;821.5;
2025-06-21-19-44-54;FordBellman;MATRIX;150;2793;24.9933;50;732;3274;1454.06;1311;
2025-06-21-22-54-17;FordBellman;MATRIX;150;2793;24.9933;50;494;6319;1105.24;745.5;
2025-06-21-23-33-10;FordBellman;MATRIX;150;5587;49.9955;50;500;1041;603.14;529;
2025-06-21-23-38-04;FordBellman;MATRIX;150;11063;98.9978;50;1037;2249;1280.72;1096.5;
2025-06-22-19-29-21;FordBellman;MATRIX;175;3806;24.9984;50;543;923;694.46;685.5;
2025-06-22-19-29-21;FordBellman;MATRIX;175;7612;49.9967;50;1050;1784;1212.22;1118.5;
2025-06-22-19-29-21;FordBellman;MATRIX;175;15072;98.9951;50;1943;3791;2412.96;2262;
2025-06-21-23-50-36;FordBellman;MATRIX;250;7781;24.9992;50;2003;4147;2584.82;2203;
2025-06-22-00-05-45;FordBellman;MATRIX;250;15562;49.9984;50;3977;7972;5559.32;5769.5;
2025-06-22-01-02-13;FordBellman;MATRIX;250;30813;98.9976;50;7964;15710;10400.7;10153.5;